-1.010455556957721157e+00 1.176614816847191136e+01 1.609814579326797335e-02
-3.353125800372228849e+00 1.156316581688392553e+01 6.377336464986269049e-03
-5.607347503310530001e+00 1.089017853408625491e+01 5.270358502061463744e-03
-7.681139063079714724e+00 9.764854525646374128e+00 4.720346354976066167e-03
-9.487405856743476917e+00 8.223393932749829105e+00 4.325752674824967156e-03
-1.094803666359860017e+01 6.319477956939181240e+00 4.054953955157205962e-03
-1.199725504252560704e+01 4.122462886411245364e+00 3.873450799742561308e-03
-1.258451767283567335e+01 1.714904809755500414e+00 3.771825102780255144e-03
-1.267685990904749183e+01 -8.104973717287599078e-01 3.750816720718118131e-03
-1.226058068093150943e+01 -3.354430045894381873e+00 3.790321262570937356e-03
-1.134218175594496536e+01 -5.814829652388953107e+00 3.914106109662101110e-03
-9.948518148968634733e+00 -8.090937896918553918e+00 4.121489845743722333e-03
-8.126127026236833473e+00 -1.008738538292407227e+01 4.439347486811844046e-03
-5.939755228114582231e+00 -1.171814235406673177e+01 4.879994308572359850e-03
-3.470119848205034163e+00 -1.291017132337536211e+01 5.514266244883021285e-03
-8.109876865228290432e-01 -1.360663450210516956e+01 6.402338904662316886e-03
1.934331661772456190e+00 -1.376951162778168936e+01 7.663686217503491195e-03
4.656940992901832388e+00 -1.338151602504860271e+01 9.508415184592887079e-03
7.246605226425824497e+00 -1.244721842786158206e+01 1.228350130799408385e-02
9.596126107358633917e+00 -1.099331920017821851e+01 1.659098685869994996e-02
1.160570860563857210e+01 -9.068042975705671083e+00 2.352583211311214811e-02
1.318673751939210703e+01 -6.739669606114622624e+00 3.475494377863075357e-02
1.426602499619979803e+01 -4.094279312501980073e+00 5.307932494696873671e-02
1.478813850703116373e+01 -1.232775635394587788e+00 8.089830272319571691e-02
1.471928586190597343e+01 1.733038105591552025e+00 1.169313000947696524e-01
1.404961614155364025e+01 4.684078866660941642e+00 1.475349135279470647e-01
1.279726223897756476e+01 7.500331130341926666e+00 1.513800043070274159e-01
1.100824362213488250e+01 1.006549191603096283e+01 1.163202057008070334e-01
8.749583065392000591e+00 1.227252904731980010e+01 6.447828590650081515e-02
6.102503872235256921e+00 1.402727867468875367e+01 2.819433498084462919e-02
3.161387769485554777e+00 1.525142870286512142e+01 1.299820587895147636e-02
3.544332644467407256e-02 1.588560394147545907e+01 8.138696546253498115e-03
-3.154425921866553573e+00 1.589256871802796489e+01 6.232324799013131723e-03
-6.281398717966885314e+00 1.525945591942954671e+01 5.146495067164418187e-03
-9.218402346460273122e+00 1.399887439351214269e+01 4.427393837597218967e-03
-1.184339131144186119e+01 1.214893892134872999e+01 3.950486821996695118e-03
-1.404439968758663682e+01 9.772257098308374523e+00 3.618678845458426531e-03
-1.572425923140891690e+01 6.953906126670031718e+00 3.393457586621449230e-03
-1.680481776452846177e+01 3.798462539438570928e+00 3.259342788751073711e-03
-1.723047339162669900e+01 4.261860238109614896e-01 3.203766213526800660e-03
-1.697087098862512633e+01 -3.031506085984853271e+00 3.218364809132454648e-03
-1.602263527600800685e+01 -6.437104799194639959e+00 3.311958019270716362e-03
-1.441005423449299450e+01 -9.652424203557993465e+00 3.486025981022404605e-03
-1.218466075106259439e+01 -1.254415234405515633e+01 3.755820027596146714e-03
-9.423709808137550326e+00 -1.498931869689462992e+01 4.162852840201393574e-03
-6.227591704983836074e+00 -1.688045614390666671e+01 4.765877325634253897e-03
-2.716262559825368239e+00 -1.813024463679312603e+01 5.657771830867290574e-03
9.751789520392721844e-01 -1.867543793902596860e+01 7.021325954055689621e-03
4.701601574485696489e+00 -1.847990415251560847e+01 9.229412274107088796e-03
8.313429033479463826e+00 -1.753664517371621656e+01 1.307130572312133546e-02
1.166245891896693543e+01 -1.586870164699749530e+01 2.051820456237763921e-02
1.460733032871439718e+01 -1.352890321016905695e+01 3.661509363711450138e-02
1.701826506239853032e+01 -1.059859083427674165e+01 7.891623503336320233e-02
1.877796513604517870e+01 -7.185700092462586674e+00 2.036593345507597130e-01
1.976904540891223760e+01 -3.423700780658647247e+00 6.245312255275767832e-01
1.981843357297232444e+01 5.240164117727079685e-01 2.078159047055244901e+00
1.856874712905564806e+01 4.435802623518190657e+00 5.979350951345669074e+00
1.551595324956836741e+01 8.002697840603241630e+00 1.175232239506239651e+01
1.122031069157934624e+01 1.087360075996583930e+01 1.052156471616391720e+01
7.376336696564364637e+00 1.295721519470992789e+01 4.075295094351655933e+00
4.210616809241472858e+00 1.438430744644356629e+01 7.926880918311607349e-01
1.173434164792071854e+00 1.522029867578938855e+01 9.033807854254573277e-02
-1.911431401247204231e+00 1.545481315094270691e+01 1.140320670943805945e-02
-4.975859760330151538e+00 1.507108152413191782e+01 5.675054075272973307e-03
-7.901333296118088434e+00 1.407247356355570034e+01 4.719827886539161750e-03
-1.056757057013206946e+01 1.248682817994570016e+01 4.169255801895335907e-03
-1.286202289477374983e+01 1.036616045609213188e+01 3.780176598798132715e-03
-1.468481646209119340e+01 7.785073221866361415e+00 3.518783235820209868e-03
-1.595304513055638296e+01 4.838211702762634125e+00 3.362957592918028663e-03
-1.660445568327511623e+01 1.636858065911133586e+00 3.276668187986645289e-03
-1.660037134707057760e+01 -1.695212631757457400e+00 3.269505529201955935e-03
-1.592772970571762059e+01 -5.026464159702202394e+00 3.326591192016789891e-03
-1.460012565224461589e+01 -8.222739089339215823e+00 3.461139101487779781e-03
-1.265780444311706709e+01 -1.115260791350043945e+01 3.699011211342976418e-03
-1.016658249332529707e+01 -1.369271803077475447e+01 4.052819499243567533e-03
-7.215715017371326923e+00 -1.573292467245814485e+01 4.564401014039511789e-03
-3.914780271373678566e+00 -1.718099426030114785e+01 5.327632395518642691e-03
-3.896872739959301168e-01 -1.796668504420138035e+01 6.466622128266420050e-03
3.222048643162029880e+00 -1.804502455970816754e+01 8.240089937867883102e-03
6.776572678747980305e+00 -1.739864155311942895e+01 1.118834587836413721e-02
1.012927256384137742e+01 -1.603904636198877753e+01 1.650543808517839633e-02
1.314036054507648288e+01 -1.400680543902381459e+01 2.713218474692933452e-02
1.567993430858376236e+01 -1.137059889864734430e+01 5.166053222101328612e-02
1.763144695001046358e+01 -8.225473359548496788e+00 1.158925705725031147e-01
1.888978226858459308e+01 -4.690634308886789228e+00 3.068592961275248276e-01
1.934251164572456361e+01 -9.090604622137075097e-01 9.029338373072144375e-01
1.881910815192561515e+01 2.945176119150027194e+00 2.549254025012726466e+00
1.703244247653990584e+01 6.650445904481245840e+00 5.843337331144851987e+00
1.391686230491300869e+01 9.930979828811269172e+00 8.021518608880754186e+00
1.023705490094724269e+01 1.257298097756673272e+01 5.485844199630333762e+00
6.808584247004200840e+00 1.454352560175760090e+01 1.844025780376573831e+00
3.571560774936430427e+00 1.588637251967850439e+01 3.254337617831485341e-01
2.854074578899582493e-01 1.659946605629402683e+01 3.644347051344111466e-02
-3.054562473648040122e+00 1.665632377520607221e+01 7.592478038513842016e-03
-6.336876637614682117e+00 1.604323909926217340e+01 5.173770529831821056e-03
-9.430045031644382902e+00 1.477152500737220286e+01 4.400981705289697295e-03
-1.220582610246956712e+01 1.287912011186543992e+01 3.895004613244565893e-03
-1.454607518554784562e+01 1.042970990690467659e+01 3.549929734954183728e-03
-1.634778517148828314e+01 7.510689402904541900e+00 3.320039324735321856e-03
-1.752754637899470325e+01 4.230124802495268455e+00 3.186469733186367888e-03
-1.802530538511170732e+01 7.128203034318406628e-01 3.124169575165826416e-03
-1.780725559263063218e+01 -2.904368514660230272e+00 3.137709444873197986e-03
-1.686773178816288876e+01 -6.477802324850857829e+00 3.221287079759281840e-03
-1.523000702691865627e+01 -9.862704863720075821e+00 3.390338230811143320e-03
-1.294594296380346776e+01 -1.291897044474171352e+01 3.647721624674760306e-03
-1.009447917090432334e+01 -1.551690055506563048e+01 4.049957524178630051e-03
-6.779007636348838517e+00 -1.754263853546800078e+01 4.643482545741093800e-03
-3.123708064193867706e+00 -1.890307689686255088e+01 5.523635145126765469e-03
7.310198529268492340e-01 -1.953002924792179584e+01 6.888779380352766900e-03
4.633856215993910510e+00 -1.938348806755683995e+01 9.129218688956663996e-03
8.428372489257649036e+00 -1.845382198506252536e+01 1.310878707441733536e-02
1.195910753480253952e+01 -1.676282012373182084e+01 2.109559759903074580e-02
1.507713093630273526e+01 -1.436350273292772783e+01 3.934192365652058876e-02
1.764495642865262681e+01 -1.133901470570135572e+01 9.089194873376321704e-02
1.953456291182094873e+01 -7.800838223629803281e+00 2.636229269221399552e-01
2.060523482512067517e+01 -3.888952616255565875e+00 9.308545715718846703e-01
2.057634818332808990e+01 2.145068661940177646e-01 3.605996315622004289e+00
1.870860372448360565e+01 4.228080866887629519e+00 1.172642374051382674e+01
1.416130406666499120e+01 7.677310826336472438e+00 1.996781804258712967e+01
8.942759328743274949e+00 1.014923231349303734e+01 1.221366425307117254e+01
5.328359044783177012e+00 1.177015924686260107e+01 3.087027483620581325e+00
2.583881667355127476e+00 1.280284658264311304e+01 4.206909690167192073e-01
-6.944389721721155873e-02 1.331688721419768306e+01 3.997134587924484894e-02
-2.743777634621143324e+00 1.330250768129607053e+01 7.797919639818091248e-03
-5.359359799709613625e+00 1.275178400334812245e+01 5.410137059597970415e-03
-7.811705194280743392e+00 1.167622209932512334e+01 4.713641765461734981e-03
-9.998895871296756610e+00 1.010856162328684427e+01 4.241787258918177164e-03
-1.182753655415907978e+01 8.102007419074823247e+00 3.927757361336065706e-03
-1.321677554282627831e+01 5.728506598991276455e+00 3.706667283071033055e-03
-1.410181352167356295e+01 3.076231786527992451e+00 3.573237353251301849e-03
-1.443684283665104040e+01 2.463590116113841821e-01 3.519701308649102450e-03
-1.419727659150279386e+01 -2.650743355665032830e+00 3.541691665314735619e-03
-1.338116916577457971e+01 -5.499773195230305944e+00 3.626919880814954110e-03
-1.200975145491561946e+01 -8.185037727779828742e+00 3.801717857347868511e-03
-1.012704770252778630e+01 -1.059510495717760392e+01 4.076854569862754622e-03
-7.798563855492994357e+00 -1.262737771057415337e+01 4.478224852177861530e-03
-5.109086916836282910e+00 -1.419240438850543562e+01 5.052409144358856359e-03
-2.159664090425634342e+00 -1.521774839608915997e+01 5.886465167418140562e-03
9.361281062895236982e-01 -1.565125287605838622e+01 7.094764569754477036e-03
4.056491901625417285e+00 -1.546355471941146575e+01 8.921586489558135796e-03
7.076116514604617436e+00 -1.464973772852959755e+01 1.180851737554442643e-02
9.871090086217328974e+00 -1.323004311012735634e+01 1.662200622428108843e-02
1.232384296691255443e+01 -1.124960536501894559e+01 2.522088595662200922e-02
1.432749030563406123e+01 -8.777173577315281250e+00 4.157867138609432772e-02
1.579015631010281062e+01 -5.903098086495078611e+00 7.480477871424168201e-02
1.663700841064922287e+01 -2.736365813305430272e+00 1.430680729965042586e-01
1.681204211575388285e+01 5.985416966587777665e-01 2.768527037511250843e-01
1.627881839270884967e+01 3.965315640551555276e+00 4.935460532074902873e-01
1.503475336145653252e+01 7.220491708009873832e+00 7.185309689011669665e-01
1.313268580776423633e+01 1.022236585938502351e+01 7.575799190279851603e-01
1.068761245141585725e+01 1.284369538659464993e+01 5.189218645855874223e-01
7.824405395928385687e+00 1.498012253956211381e+01 2.142496118267315230e-01
4.637356680179588686e+00 1.654728421512790959e+01 5.517641476989194882e-02
1.218052797519055597e+00 1.747714787359354105e+01 1.368935028980117208e-02
-2.315368683295760732e+00 1.772136587154209408e+01 6.927337355334395146e-03
-5.826233095158538156e+00 1.725661742491343631e+01 5.318994543293815817e-03
-9.173157559728283061e+00 1.608737149819681989e+01 4.461484554746338212e-03
-1.221815024740533318e+01 1.424651525317507428e+01 3.895941597136583657e-03
-1.483254338212329060e+01 1.179463223993821686e+01 3.522102423257898393e-03
-1.690239406086707774e+01 8.818127215507955086e+00 3.270677817507051683e-03
-1.833337558812634427e+01 5.426270873923171756e+00 3.113033505291559321e-03
-1.905497690291405988e+01 1.747262863159665391e+00 3.033121768221402458e-03
-1.902382520419224932e+01 -2.076547450654276705e+00 3.026088131404135965e-03
-1.822598266815449009e+01 -5.894107081371261714e+00 3.088578357717498661e-03
-1.667810315284525302e+01 -9.551566091366160194e+00 3.237101854208622280e-03
-1.442738254437874090e+01 -1.289841679308447198e+01 3.468582515216885216e-03
-1.155027537286905392e+01 -1.579362264783657821e+01 3.825216927437133374e-03
-8.150011803187112491e+00 -1.811148948355733168e+01 4.369500326884757230e-03
-4.352988503188168323e+00 -1.974704038841917964e+01 5.176903525343484920e-03
-3.041562122766667819e-01 -2.062066383005859294e+01 6.441481300388552343e-03
3.838415396832882909e+00 -2.068184106374426534e+01 8.514603082849578689e-03
7.909580725887599861e+00 -1.991178192158905347e+01 1.224746976188580659e-02
1.174345121344958010e+01 -1.832485852967450057e+01 1.982780110758161976e-02
1.517957608841046202e+01 -1.596879997828763642e+01 3.805901229143156261e-02
1.806745396545533922e+01 -1.292374616036761381e+01 9.347789947171104841e-02
2.026393010052429489e+01 -9.300941313510893593e+00 3.005404358241547946e-01
2.159396659997981516e+01 -5.244513531219442193e+00 1.255994958736344813e+00
2.161618045353420925e+01 -9.578464031207496454e-01 5.812262491497513395e+00
1.879488266063012247e+01 3.175439065445846865e+00 2.235500288101459532e+01
1.191134346682798295e+01 6.385647582823954060e+00 3.049664496909185374e+01
6.245643223253338761e+00 8.286341951803676054e+00 1.080944948520192561e+01
3.439305779864075152e+00 9.406800583122750581e+00 1.692500594461834318e+00
1.347381753408869676e+00 1.007846674869825776e+01 1.737428769988780541e-01
-7.151642956186428091e-01 1.034704391626679332e+01 1.791055322637865460e-02
-2.779135949350350465e+00 1.020329795866310185e+01 6.673809924542495678e-03
-4.772040555623474845e+00 9.645487697968924579e+00 5.503304630262060085e-03
-6.612869985837629194e+00 8.687779399073557229e+00 4.965176074527340860e-03
-8.224486460038168190e+00 7.360682646714946209e+00 4.572169373618682926e-03
-9.537389043631387509e+00 5.710190952961110789e+00 4.300364729823293042e-03
-1.049269769146591713e+01 3.796244640789706359e+00 4.109738809207266232e-03
-1.104473666886572047e+01 1.690600447789627925e+00 4.010108227684258675e-03
-1.116314661650670814e+01 -5.258197550812150345e-01 3.970762210363018747e-03
-1.083441272861872839e+01 -2.766000832807852472e+00 4.016795161327810573e-03
-1.006275520398516043e+01 -4.940216671558096628e+00 4.125205136597533476e-03
-8.870314231706299068e+00 -6.959587238829113787e+00 4.322161588441584233e-03
-7.296624513296325887e+00 -8.739676376162689664e+00 4.611511591387533124e-03
-5.397374609278933200e+00 -1.020398083308068138e+01 5.024261745953053152e-03
-3.242493233978771094e+00 -1.128717315191982173e+01 5.605215207538549044e-03
-9.136247302784776814e-01 -1.193795981765458336e+01 6.400020811916793534e-03
1.498918138374983000e+00 -1.212143182645788997e+01 7.491686494231678158e-03
3.899608820516171637e+00 -1.182080494186661568e+01 9.014472143665970549e-03
6.191436939812279050e+00 -1.103846729798037707e+01 1.116936786168272119e-02
8.279769116414330554e+00 -9.796279084791667202e+00 1.425537159599313090e-02
1.007619732109970379e+01 -8.135094293480838346e+00 1.871435331840885785e-02
1.150213539799316997e+01 -6.113525148931560516e+00 2.505733854722346637e-02
1.249242395567923047e+01 -3.805930445096995296e+00 3.373748485214425608e-02
1.299763842442937012e+01 -1.299848970514402957e+00 4.424962738414425084e-02
1.298778713056364609e+01 1.307453838055906870e+00 5.465081852009470026e-02
1.245324517013900056e+01 3.912534106011673174e+00 6.023897433838155957e-02
1.140646427944013297e+01 6.410330986783462137e+00 5.628896535778533244e-02
9.881223343750473731e+00 8.698198464266436503e+00 4.326119274036752810e-02
7.930443187562850937e+00 1.068030175092961187e+01 2.790959360652368187e-02
5.623746911941589488e+00 1.227120801931437200e+01 1.683737632015254448e-02
3.045752310579903810e+00 1.339943064072207335e+01 1.096364821105724752e-02
2.939217537344055442e-01 1.401042313497297975e+01 8.055583229133061324e-03
-2.524863531569881747e+00 1.406925529335531699e+01 6.442473301634528762e-03
-5.298634720259570052e+00 1.356247165953518241e+01 5.395233597816095385e-03
-7.914877577028052613e+00 1.249909549565463074e+01 4.702215957210631112e-03
-1.026511760286840769e+01 1.091073201569628814e+01 4.201009759855006513e-03
-1.224937679092356113e+01 8.850756240725415225e+00 3.869336987537888399e-03
-1.378038829683869970e+01 6.392606369125575227e+00 3.636496066531587010e-03
-1.478736540551284051e+01 3.627233269956958051e+00 3.488512037761163156e-03
-1.521918941511450818e+01 6.597930306559560698e-01 3.425516679368043570e-03
-1.504686826004989264e+01 -2.394300403484851181e+00 3.434541450694344415e-03
-1.426515081612616243e+01 -5.413814985752975595e+00 3.521212842552278507e-03
-1.289322050235456985e+01 -8.276465301730254964e+00 3.678739015587143436e-03
-1.097441591249491566e+01 -1.086381517770159455e+01 3.940693843276779455e-03
-8.574977788200934370e+00 -1.306612590546387231e+01 4.327827108483547035e-03
-5.781845626509982239e+00 -1.478695191832318123e+01 4.886957221463904440e-03
-2.699580473993863805e+00 -1.594729486734544821e+01 5.693410242946801876e-03
5.534820453194773116e-01 -1.648913994811532646e+01 6.895069085715260608e-03
3.849701751969357932e+00 -1.637822289078433613e+01 8.730243735715320641e-03
7.057054095393131554e+00 -1.560589879687372239e+01 1.168118065523513632e-02
1.004429137124819249e+01 -1.419002915595028291e+01 1.676262917100821564e-02
1.268609187238498492e+01 -1.217483509673298059e+01 2.627237921752478486e-02
1.486770117735297525e+01 -9.629758745655895069e+00 4.565551743272252411e-02
1.648900267387340435e+01 -6.647399400499768518e+00 8.908048110612210024e-02
1.746554913299017286e+01 -3.340898089717083685e+00 1.913383315910837656e-01
1.772759749925316797e+01 1.588092598406887213e-01 4.248660830837126534e-01
1.721214223911088936e+01 3.704874616636894658e+00 8.984993170228925408e-01
1.588121194506486589e+01 7.136666463873417854e+00 1.540578871678546680e+00
1.378137134053077872e+01 1.028938999873421345e+01 1.860706804428479799e+00
1.110509122631794554e+01 1.301941039989084814e+01 1.390642799483235104e+00
8.074978174832782685e+00 1.522546137381471354e+01 5.906750209652126271e-01
4.792691656457472860e+00 1.683778528291972520e+01 1.402558054039028668e-01
1.304712145422445291e+00 1.779784083084363999e+01 2.345656147999694574e-02
-2.295471299188085013e+00 1.805935249644980090e+01 7.493154417030332276e-03
-5.874590073128531209e+00 1.759859207219118815e+01 5.321244837986066102e-03
-9.289165289435945994e+00 1.641964257578581865e+01 4.443230802385726708e-03
-1.239850158249285350e+01 1.455550761541538130e+01 3.881802312626068865e-03
-1.507127593234708307e+01 1.206743406694586795e+01 3.495012954226607051e-03
-1.719107336971531197e+01 9.043023294666705070e+00 3.235676907154145035e-03
-1.866138555349536787e+01 5.593238536323071664e+00 3.079997251325132263e-03
-1.940990380094713075e+01 1.848409610918949619e+00 2.997806965741324145e-03
-1.939192032586804260e+01 -2.046622946450334712e+00 2.991815127169083523e-03
-1.859268950550776367e+01 -5.938047327496075667e+00 3.052387354124896229e-03
-1.702862706039073615e+01 -9.669092441974198593e+00 3.192866808603503533e-03
-1.474728111795959506e+01 -1.308628184835001029e+01 3.424832920781583842e-03
-1.182604773633414652e+01 -1.604568053836204911e+01 3.788527466261275983e-03
-8.369661870797903802e+00 -1.841888569823495558e+01 4.327433515436091699e-03
-4.506537259592089839e+00 -2.009851290721752193e+01 5.132108888839007413e-03
-3.840858620112421740e-01 -2.100294808692442672e+01 6.399135838477674684e-03
3.836808217430246248e+00 -2.108016365843431217e+01 8.497539702565060082e-03
7.987932146925464494e+00 -2.031042650567668773e+01 1.229633365662245736e-02
1.190020250765801002e+01 -1.870778434439533200e+01 2.013863214728631168e-02
1.540987346823458637e+01 -1.632027948936325501e+01 3.957522116847831534e-02
1.836294723724009970e+01 -1.322907046607889647e+01 9.998258023745627832e-02
2.061126428665905763e+01 -9.547213925396047074e+00 3.394760632830169378e-01
2.195976568165442444e+01 -5.422880543751251281e+00 1.521815004143937111e+00
2.184478882295882229e+01 -1.073395226748981468e+00 7.684271739642869470e+00
1.827213924479623586e+01 3.043363463277957592e+00 2.840508275111503167e+01
1.050754884939352252e+01 6.036729081936034191e+00 3.139438959490743386e+01
5.250936687646506229e+00 7.677209720278085570e+00 8.686243868992878703e+00
2.834769306063269934e+00 8.628656187560332924e+00 1.169481794353231185e+00
9.557948902846147288e-01 9.185019992580375714e+00 1.113567169975420990e-01
-9.150866255835994334e-01 9.375654360862858638e+00 1.336488120773941107e-02
-2.779826704851539709e+00 9.191832600578910828e+00 6.448835705396352425e-03
-4.569738766193122359e+00 8.633885346827346652e+00 5.542398335911752003e-03
-6.211643668181237921e+00 7.716771589633165007e+00 5.053643962019353092e-03
-7.636480494063305535e+00 6.470186616716063099e+00 4.696837492202425232e-03
-8.782513578809805210e+00 4.937687016017777708e+00 4.434121715729983162e-03
-9.597980741053506293e+00 3.175218296373237159e+00 4.271478782384082427e-03
-1.004338526830418132e+01 1.249112963266148402e+00 4.168812746156715446e-03
-1.009332934694835693e+01 -7.663698569725169163e-01 4.151609068299281710e-03
-9.737828643231059900e+00 -2.791875358259176210e+00 4.190257611178242747e-03
-8.983020744915643618e+00 -4.746043842158738535e+00 4.319436862038316012e-03
-7.851249997648414691e+00 -6.548748752352324232e+00 4.525949574914380456e-03
-6.380493075612163167e+00 -8.124346976753864524e+00 4.816101591530024331e-03
-4.623145863358884888e+00 -9.404815807723185372e+00 5.240359000164881986e-03
-2.644210028975603421e+00 -1.033264845184030989e+01 5.813871916616776374e-03
-5.189301427531820554e-01 -1.086338222384067009e+01 6.583469466549951229e-03
1.670025384993885753e+00 -1.096765460283433491e+01 7.622668115512634159e-03
3.835738052509769069e+00 -1.063269374265016332e+01 9.033590922844994195e-03
5.890446496181784397e+00 -9.863172036672590792e+00 1.095657723677204848e-02
7.749056201889729323e+00 -8.681376186155667085e+00 1.357210169495613565e-02
9.332617726705251471e+00 -7.126671964058358455e+00 1.709143904463010857e-02
1.057162659589542741e+01 -5.254263015720831653e+00 2.168480742739232331e-02
1.140901839172812338e+01 -3.133340409646650837e+00 2.722760742539476544e-02
1.180281113034948604e+01 -8.444806954800917476e-01 3.302704868985433667e-02
1.172838090487065088e+01 1.523283243746378801e+00 3.745958048344023850e-02
1.117975613713324989e+01 3.876053336594419196e+00 3.826746490350905333e-02
1.017032541530144840e+01 6.118746296095937787e+00 3.424571484442612973e-02
8.732310144578466549e+00 8.158975825943654669e+00 2.675408980519385083e-02
6.915292140407731658e+00 9.910787266833461118e+00 1.899213172532587118e-02
4.784568369532632204e+00 1.129813546603543273e+01 1.328940150259690957e-02
2.419107762428240882e+00 1.225801167329377428e+01 9.796139913057914581e-03
-9.096156629951712702e-02 1.274327226979525562e+01 7.688337281811771784e-03
-2.647703809664445629e+00 1.272487539149862457e+01 6.332809844121977186e-03
-5.149226111778168580e+00 1.219344241216177949e+01 5.431466720795666454e-03
-7.493757272594152141e+00 1.116004692519925356e+01 4.774257982635556757e-03
-9.583760654973122683e+00 9.656187519404115349e+00 4.328383569045071363e-03
-1.132997007873735029e+01 7.732936529812855397e+00 3.999741322501755569e-03
-1.265514780096383696e+01 5.459280490765385352e+00 3.780957313904057850e-03
-1.349744549428848117e+01 2.919705685193294098e+00 3.660917539667781027e-03
-1.381320856090850313e+01 2.111093802942676234e-01 3.599133692709397675e-03
-1.357909925043648336e+01 -2.560850437901471377e+00 3.612242008333204236e-03
-1.279345056037871942e+01 -5.285832397481744493e+00 3.716171232508599931e-03
-1.147677406956208479e+01 -7.853161485109365181e+00 3.881647564074224184e-03
-9.671378660789313741e+00 -1.015627815696594993e+01 4.154462786849118239e-03
-7.440113359551909333e+00 -1.209711373333811935e+01 4.549074792566636626e-03
-4.864251137427272553e+00 -1.359021152726473325e+01 5.127503862633988815e-03
-2.040595510016167680e+00 -1.456642610923008974e+01 5.933115384489100370e-03
9.221000495083866433e-01 -1.497603806504258372e+01 7.103160036047835579e-03
3.907254834602340132e+00 -1.479115461665374553e+01 8.847782116227097607e-03
6.794974809685362160e+00 -1.400728260514273948e+01 1.154277740469695016e-02
9.466769123880670378e+00 -1.264399648558823941e+01 1.590961204156692704e-02
1.181022094887684837e+01 -1.074466848657622364e+01 2.333867600032060730e-02
1.372354886262411888e+01 -8.375258940455699630e+00 3.675002356476213955e-02
1.511924474914071581e+01 -5.622243500036793407e+00 6.177527129839113090e-02
1.592769257084778722e+01 -2.589755238207174237e+00 1.084413259053435552e-01
1.609872299997823575e+01 6.037791833314418710e-01 1.888476101474190205e-01
1.560618354294539856e+01 3.829925874633776761e+00 3.018985524585933167e-01
1.445417791348119607e+01 6.954695542580355827e+00 3.947095447037129445e-01
1.268859646475332603e+01 9.847141123090539239e+00 3.851524614343872499e-01
1.039328300295245100e+01 1.238636177299788876e+01 2.527641521767052812e-01
7.664352298507132843e+00 1.446796050212091878e+01 1.061776386602772404e-01
4.594864748845435720e+00 1.600445814619529017e+01 3.169975123383898113e-02
1.287316410693118307e+00 1.692606240501671522e+01 1.113913463311727234e-02
-2.136745712270581077e+00 1.718420369279168725e+01 6.850064260517482913e-03
-5.543409411585949798e+00 1.675529915463341624e+01 5.386766046272125318e-03
-8.795424282069239652e+00 1.564280575786819760e+01 4.543646732434863771e-03
-1.175880088416462144e+01 1.387774747344263560e+01 3.969042623488933975e-03
-1.430842510137912704e+01 1.151804035219809919e+01 3.585846367920963833e-03
-1.633330252615159139e+01 8.646708481821717029e+00 3.326660050109282556e-03
-1.774131729275508462e+01 5.369050196980302836e+00 3.168832250977995230e-03
-1.846332829996947922e+01 1.808848984599487508e+00 3.085318180859894423e-03
-1.845641834228230493e+01 -1.896236646847730301e+00 3.077667027818847129e-03
-1.770615509304835911e+01 -5.599936156669149234e+00 3.138093440981913531e-03
-1.622774780906689784e+01 -9.153082667220026281e+00 3.286350095379415252e-03
-1.406603720851200201e+01 -1.240956180071162329e+01 3.513970514656412480e-03
-1.129428786803847196e+01 -1.523225759608913421e+01 3.865008072600341175e-03
-8.011817001404473615e+00 -1.749875627846122583e+01 4.400828641413446519e-03
-4.340527990140220282e+00 -1.910657625140223814e+01 5.187154211420772626e-03
-4.204657973770817847e-01 -1.997769918192852856e+01 6.411181694642793111e-03
3.595430703015254359e+00 -2.006221494332294952e+01 8.387313506140171848e-03
7.547177522200152922e+00 -1.934091136111382880e+01 1.186827505075319610e-02
1.127389883408633509e+01 -1.782670004598447733e+01 1.870841655541420623e-02
1.461991032601474672e+01 -1.556483312025691923e+01 3.437828073978468901e-02
1.743949135178627685e+01 -1.263196643009195341e+01 7.870606747973291073e-02
1.959710815247318294e+01 -9.134640889450727386e+00 2.287701816351509210e-01
2.094488281035494737e+01 -5.209342560500443753e+00 8.493073515876570223e-01
2.118936003142307811e+01 -1.035822595059443518e+00 3.617619418296352141e+00
1.943622701671039721e+01 3.094181296804447534e+00 1.353273983791181401e+01
1.433023768583027824e+01 6.625299824677669314e+00 2.552486964681255444e+01
8.409453508204935090e+00 9.027019558413716283e+00 1.475203332158965353e+01
4.828668016667866603e+00 1.051402919672801772e+01 3.262485313240661711e+00
2.339346411221943089e+00 1.144520570986796315e+01 4.125609780069706134e-01
-3.569197413573121924e-02 1.191029708807263532e+01 3.865021951648644344e-02
-2.428379123805793682e+00 1.190270116390836463e+01 7.891658562700291923e-03
-4.769419709217315173e+00 1.141526568617353021e+01 5.567592352503917229e-03
-6.965439905222315708e+00 1.045808321008383146e+01 4.896015653729857663e-03
-8.925207073223557330e+00 9.060238440547871974e+00 4.445507779705513279e-03
-1.056506732586188591e+01 7.269136480367484943e+00 4.123386928942970008e-03
-1.181254806002978341e+01 5.148970556702829882e+00 3.912710877381198743e-03
-1.260950960045888181e+01 2.778477026224076774e+00 3.773540563953407118e-03
-1.291477425815334890e+01 2.480598766265902921e-01 3.719471494591201129e-03
-1.270613210915108660e+01 -2.343614018477076844e+00 3.736023419763647661e-03
-1.198161774202243812e+01 -4.893420783993525092e+00 3.822645586010196047e-03
-1.075999947724804784e+01 -7.297842009368030958e+00 3.999276530366262586e-03
-9.080445389573462478e+00 -9.457126380970240831e+00 4.259022064879469313e-03
-7.001356848991504123e+00 -1.127938155583777302e+01 4.654135244288884476e-03
-4.598411095153453587e+00 -1.268443649770488513e+01 5.203648353729870002e-03
-1.961864029073900006e+00 -1.360730656469297273e+01 5.974113608643969071e-03
8.067829655061811156e-01 -1.400111975823256394e+01 7.078234118223114546e-03
3.598632866418862264e+00 -1.383937547652301703e+01 8.682094555217324816e-03
6.301611252594844004e+00 -1.311742942698671754e+01 1.107826821646874273e-02
8.804885309504779656e+00 -1.185313388171023341e+01 1.479199703723168766e-02
1.100328572655143589e+01 -1.008659270830923305e+01 2.075501143395396333e-02
1.280158439042679852e+01 -7.879053063966495074e+00 3.062503213182269507e-02
1.411812044757637885e+01 -5.310860321563648512e+00 4.707094137942940959e-02
1.488878091842178364e+01 -2.478869984404127536e+00 7.396366642264690094e-02
1.506895224152863477e+01 5.071136941876179804e-01 1.130697281983759489e-01
1.463788260982292755e+01 3.528447575628196553e+00 1.572679253716875725e-01
1.360173085591395115e+01 6.462416822357065271e+00 1.826415850971753740e-01
1.199686804078083391e+01 9.188251595352095791e+00 1.623568507080163925e-01
9.885639527009136174e+00 1.159276523985802854e+01 1.033302882752587526e-01
7.346392011919338216e+00 1.357483915256331208e+01 4.711484243932730770e-02
4.468824384806205252e+00 1.504832448371293552e+01 1.888240556614156213e-02
1.356757952619060514e+00 1.594478302075196652e+01 9.731444899149187949e-03
-1.871700249754171042e+00 1.621687207383297391e+01 6.865855262472461869e-03
-5.089586468090232962e+00 1.584115243474604995e+01 5.515815088334748671e-03
-8.167293043037032518e+00 1.481972478472570032e+01 4.664900408310066783e-03
-1.097813192147313544e+01 1.318071061586519122e+01 4.097106865669169692e-03
-1.340357203276068176e+01 1.097765731517735510e+01 3.710449402263989258e-03
-1.533819174638637506e+01 8.287899308643451590e+00 3.450631837296041105e-03
-1.669419566542661926e+01 5.209926896819703224e+00 3.280462213218178404e-03
-1.740530926493788044e+01 1.859848691591379888e+00 3.190463389064908915e-03
-1.742988499253248946e+01 -1.632927033040449283e+00 3.177794144150677784e-03
-1.675307909811790807e+01 -5.130634817137611492e+00 3.231925016974928483e-03
-1.538799074174648673e+01 -8.492530077138679800e+00 3.371504862807417086e-03
-1.337570212046259854e+01 -1.158049744720550223e+01 3.603398350295448308e-03
-1.078419046837704975e+01 -1.426466577259798640e+01 3.949816901706814341e-03
-7.706136783292563130e+00 -1.642880525311070627e+01 4.463575986288589002e-03
-4.255698622229321160e+00 -1.797528553199230927e+01 5.225057206757896359e-03
-5.643555362309388146e-01 -1.882938619216361786e+01 6.380497926116056838e-03
3.224016258673399804e+00 -1.894277482384914535e+01 8.203568436282115961e-03
6.958646959182051894e+00 -1.829599707111895412e+01 1.130218967162161144e-02
1.048770640716429625e+01 -1.689987010580172466e+01 1.708604793437801250e-02
1.366412659007895591e+01 -1.479572507279134896e+01 2.922142470458462260e-02
1.635059862504003547e+01 -1.205447918633558757e+01 5.965667879920151517e-02
1.842264395900145857e+01 -8.775012408999135261e+00 1.473161186974309145e-01
1.976049444856256798e+01 -5.082599147147024432e+00 4.486203477913302540e-01
2.020899546048691064e+01 -1.131092577284573686e+00 1.548028171365882999e+00
1.943611372300294704e+01 2.873621348069878678e+00 5.013945206872891802e+00
1.677259539628649065e+01 6.627866823788479245e+00 1.230246087356419338e+01
1.228986783857608955e+01 9.717092044708836696e+00 1.401406260967340600e+01
8.025118123455181163e+00 1.194768137150178866e+01 6.369599059227577520e+00
4.784510219906272788e+00 1.347237926082893189e+01 1.388595925038366818e+00
1.865150464678419606e+00 1.441642933124015791e+01 1.721664557441392740e-01
-1.078391841879705382e+00 1.478889567559912166e+01 1.796292762062923209e-02
-4.026360069927358509e+00 1.457226573723970908e+01 6.243081000227885570e-03
-6.870858783785844359e+00 1.376418536823390681e+01 4.971150800675081492e-03
-9.495954703517401896e+00 1.238531997915225702e+01 4.366085756476223260e-03
-1.179157706119877247e+01 1.047968899365072915e+01 3.944783103746478739e-03
-1.365866244356292114e+01 8.113404331504133538e+00 3.653445790890915649e-03
-1.501339328296723430e+01 5.372457929117897102e+00 3.475991901484046156e-03
-1.579088687991057505e+01 2.359661520109699318e+00 3.370084441296720273e-03
-1.594818950161823068e+01 -8.091525923309101920e-01 3.341230503832697939e-03
-1.546645306916019003e+01 -4.009532530494895219e+00 3.380064224402406711e-03
-1.435218132220573040e+01 -7.113244299327935671e+00 3.494902804653408392e-03
-1.263748131167267985e+01 -9.993358699806817569e+00 3.712933090015722599e-03
-1.037929167379508577e+01 -1.252939065274842001e+01 4.021426886830786578e-03
-7.657589596681975586e+00 -1.461228039230772069e+01 4.489137274803266763e-03
-4.572643848757436125e+00 -1.614901881176600185e+01 5.163022030967671754e-03
-1.241390779902194819e+00 -1.706671840849595512e+01 6.167274632307353545e-03
2.206922832805948698e+00 -1.731596100153950601e+01 7.683492216664112098e-03
5.635672394151352904e+00 -1.687326843300039769e+01 1.010798897154809896e-02
8.906149169184356396e+00 -1.574258883541240017e+01 1.425255635723627658e-02
1.188297344051429860e+01 -1.395572838160233609e+01 2.197281803588964355e-02
1.443926339990160024e+01 -1.157170254294831047e+01 3.803137053438197107e-02
1.646084606730505939e+01 -8.675144853821599611e+00 7.539331680545130476e-02
1.784847290931224606e+01 -5.373935050754412579e+00 1.718689498061495291e-01
1.851251588863358322e+01 -1.797097284043449150e+00 4.338469688152814530e-01
1.835941340458155935e+01 1.905532572049342122e+00 1.095638223399103106e+00
1.726736872421853874e+01 5.559866775993182131e+00 2.435747834017695901e+00
1.516625540097913927e+01 8.965399817378356673e+00 3.879899772260763768e+00
1.227006880537252087e+01 1.192831384779000103e+01 3.719553629307226661e+00
9.059792432271505547e+00 1.432656984806023814e+01 1.931335076628198033e+00
5.776950819738242870e+00 1.611700945472458812e+01 5.278333764504450354e-01
2.377740594735819002e+00 1.726983725643969336e+01 8.105732418789497740e-02
-1.142354474902828043e+00 1.774606795537281911e+01 1.221864426421903627e-02
-4.682089137361636233e+00 1.751665543115396417e+01 5.850413181646237602e-03
-8.104221801967767647e+00 1.657699644608861078e+01 4.705284717904423958e-03
-1.126895644989384415e+01 1.495063865442826945e+01 4.057403363055180762e-03
-1.404371909281197972e+01 1.268922691497842337e+01 3.629120195346512406e-03
-1.630893424024218774e+01 9.871012886274961318e+00 3.335764230033844147e-03
-1.796311708929908235e+01 6.598244650845064285e+00 3.154740855881346326e-03
-1.892733315675855010e+01 2.993535555846966734e+00 3.045807565609763654e-03
-1.914883220923206864e+01 -8.046606269181181270e-01 3.018817256885604396e-03
-1.860370603106148479e+01 -4.647304988704084039e+00 3.054481690636879666e-03
-1.729843285751913129e+01 -8.380560591999104858e+00 3.172939137401895905e-03
-1.527023382528572171e+01 -1.185189095307997853e+01 3.377652821964693443e-03
-1.258619602321126862e+01 -1.491622891634657755e+01 3.691191234133700625e-03
-9.341177302868173271e+00 -1.744197032246507817e+01 4.158187832406868949e-03
-5.654552314524131873e+00 -1.931654658355489573e+01 4.872474585947631463e-03
-1.665911471836502011e+00 -2.045134715676666559e+01 5.950204923085503604e-03
2.470134604686285762e+00 -2.078577508944117369e+01 7.699137220655362032e-03
6.589831831908041337e+00 -2.029026755594045994e+01 1.074242002788752294e-02
1.052658332308199363e+01 -1.896814075398598121e+01 1.666506942429752877e-02
1.411722404282456012e+01 -1.685618154869278484e+01 3.014031149212698449e-02
1.720742316005238592e+01 -1.402407368935753595e+01 6.745187240172380305e-02
1.965282941459088661e+01 -1.057300444839879461e+01 1.986228455466973464e-01
2.129687679390884014e+01 -6.635863809118058398e+00 7.800488614067864201e-01
2.183382327769526654e+01 -2.389740494576798824e+00 3.661199582351233772e+00
2.018156169333449768e+01 1.860659861870595844e+00 1.578798533005017291e+01
1.430682982603032372e+01 5.457984471421736039e+00 3.260059558158220483e+01
7.600261780462820305e+00 7.733878572592115752e+00 1.701635892432016561e+01
4.159741573885659349e+00 9.037341046259156130e+00 3.220180627236133297e+00
1.994520312239772331e+00 9.835819092029304045e+00 3.683794041179848655e-01
-4.694888394613205840e-02 1.023221870188495508e+01 3.419406292044735451e-02
-2.102400709374966148e+00 1.022240452313867287e+01 7.807936617836532499e-03
-4.112818460661266329e+00 9.800381619709209957e+00 5.750635821458099060e-03
-5.997998517941443453e+00 8.974954781963994321e+00 5.123465375342906719e-03
-7.679608384811911215e+00 7.771240997650524562e+00 4.703233170762356752e-03
-9.085853088837399838e+00 6.230087244191385487e+00 4.389132535131600073e-03
-1.015456466574676497e+01 4.406748882985626281e+00 4.178647457080440948e-03
-1.083590917178937296e+01 2.368956293791415035e+00 4.039678662504025269e-03
-1.109463941226715100e+01 1.944411096438247721e-01 3.993537006820515635e-03
-1.091181597699478090e+01 -2.031993107115825925e+00 4.001203883107536802e-03
-1.028589360031890187e+01 -4.221740817932442269e+00 4.097381461664828528e-03
