-5.522985392443990720e-03 4.832841505189719444e-02
2.594260781297784424e-03 4.986858552876580197e-02
1.160455788558896299e-02 4.999352484128934127e-02
2.096070587190379531e-02 4.813852516889951388e-02
3.003516164432276300e-02 4.394160962722535452e-02
3.820442263935042854e-02 3.727040039330022786e-02
4.486771691243958415e-02 2.832129245887391247e-02
4.951842493284410590e-02 1.749578262746947707e-02
5.175649960376219050e-02 5.325102252641726076e-03
5.126619180073915122e-02 -7.611981011183311524e-03
4.799596216719491382e-02 -2.035427042455861465e-02
4.200259399811315242e-02 -3.205485640995153762e-02
3.380643244856193497e-02 -4.181906574629894874e-02
2.379838571744532366e-02 -4.903590031182539222e-02
1.256958306495985569e-02 -5.318699666612731330e-02
8.044121265178343040e-04 -5.400095200844211990e-02
-1.070376285589815998e-02 -5.160513372410577976e-02
-2.151196275274287056e-02 -4.640122781520895218e-02
-3.104690780529104771e-02 -3.884075932575068585e-02
-3.888389596391312458e-02 -2.958381417594596954e-02
-4.468300516318843285e-02 -1.932222602966966393e-02
-4.832860089118316826e-02 -8.837261552548349858e-03
-4.973119169646492838e-02 1.122603615957911641e-03
-4.900924768353821792e-02 9.969368018838634798e-03
-4.651055685168575121e-02 1.744246018946730287e-02
-4.266157104519047172e-02 2.371548859793078459e-02
-3.792555916475570665e-02 2.923619533509898977e-02
-3.272351348997806081e-02 3.441556062386098153e-02
-2.712992888285767346e-02 3.926061670922167957e-02
-2.234977755172378594e-02 4.280677267252857437e-02
-1.690483392167168100e-02 4.672041521345738496e-02
-9.413710048475160130e-03 5.148683707055795589e-02
4.224691295979944149e-04 5.578596110943163239e-02
1.197081497111351922e-02 5.840226391495506597e-02
2.451241783410985919e-02 5.840313291477447488e-02
3.717462194021215610e-02 5.516365284751763298e-02
4.901603013085015920e-02 4.842743069468278400e-02
5.917769512360485790e-02 3.814638893214659932e-02
6.686128668163050792e-02 2.475072295589163945e-02
7.142738099879343550e-02 8.984331085617584117e-03
7.239281262856114840e-02 -8.288355167816771618e-03
6.950874749026464405e-02 -2.596902792084422595e-02
6.275403682107012771e-02 -4.279905241231267421e-02
5.262149148307217195e-02 -5.744900761736129735e-02
3.972895065721836899e-02 -6.886686279879457306e-02
2.491654853408627190e-02 -7.624445447804485687e-02
9.074605242064841606e-03 -7.915341671201586715e-02
-6.918523366196855165e-03 -7.760821711456396266e-02
-2.210435660884074380e-02 -7.193934958505632249e-02
-3.578306026346515095e-02 -6.277056875512129763e-02
-4.726792313943423141e-02 -5.090286816200435133e-02
-5.603925349246039606e-02 -3.730030573449538700e-02
-6.181156726861974926e-02 -2.297630712024845145e-02
-6.441520601624151077e-02 -9.097615338298019674e-03
-6.393641386158034623e-02 3.179686767578004773e-03
-6.124822899707194762e-02 1.300365778333351097e-02
-6.016094402815091308e-02 2.128784971390379824e-02
-5.943231467408752189e-02 2.779242019098098621e-02
-4.783846529952451299e-02 3.418404753377565081e-02
-2.886499774915943575e-02 4.034866742177942861e-02
-1.917301509620242608e-02 4.478804647930652305e-02
-1.230753979003707844e-02 4.925801678290547131e-02
-3.518352792822621120e-03 5.362296796607831512e-02
7.144743632020758052e-03 5.673395915623142410e-02
1.902822619204191587e-02 5.763616016605557085e-02
3.133823773589486383e-02 5.560933567223170365e-02
4.318982180248866209e-02 5.029089895333888754e-02
5.371160861855017038e-02 4.151304741236017809e-02
6.210247845796962318e-02 2.955448592412172198e-02
6.769271021328805704e-02 1.504223982626822463e-02
6.994089293169132582e-02 -1.259868251976919724e-03
6.855004858060730066e-02 -1.833804068554702182e-02
6.338623396244723318e-02 -3.505217773225911132e-02
5.475341043795377977e-02 -5.011932050681044276e-02
4.322386727941815443e-02 -6.241516901045490728e-02
2.950266692644840788e-02 -7.108915939323877387e-02
1.446142328703471647e-02 -7.552819668062331349e-02
-1.044678133782628478e-03 -7.563257544800744414e-02
-1.613438935107847430e-02 -7.159629484099995500e-02
-3.001132189287782775e-02 -6.392345481327538215e-02
-4.200211693029171772e-02 -5.332852259390687133e-02
-5.155166047599610973e-02 -4.069562564395744209e-02
-5.827498638210404369e-02 -2.698640782755260328e-02
-6.199757608536077269e-02 -1.328949087990620274e-02
-6.268716865553615458e-02 -6.799187174582395788e-04
-6.056816843285015711e-02 9.643565291947670676e-03
-5.715366296626927384e-02 1.812547821482584504e-02
-5.458990100568458792e-02 2.531823837655360065e-02
-4.889886661048531424e-02 3.133313391552831895e-02
-3.680239359570270513e-02 3.695888425726985560e-02
-2.432860631228055126e-02 4.206141846516005256e-02
-1.778863987307051364e-02 4.660534038782686295e-02
-1.015004066208610202e-02 5.184971706502366356e-02
-7.001222938427364008e-05 5.665713046866367036e-02
1.187603745889852583e-02 5.972253145487735337e-02
2.494214616273135454e-02 6.009758645684985801e-02
3.821565665266645623e-02 5.710032511710375069e-02
5.071362721539388052e-02 5.040836449269847641e-02
6.151324049161991520e-02 3.998351984332893655e-02
6.977657940183663865e-02 2.622982407804974603e-02
7.481124178381301504e-02 9.890372117692957515e-03
7.610517381231590717e-02 -8.101850736420571075e-03
7.336880165749945504e-02 -2.662274645859889766e-02
6.657291733686861168e-02 -4.435846653641014464e-02
5.616357901846341649e-02 -5.991917729290609229e-02
4.282095001538018669e-02 -7.214889608812594113e-02
2.740453663033717152e-02 -8.018457945265748676e-02
1.084069837360878558e-02 -8.356465630842069281e-02
-5.926128749731498363e-03 -8.225538569114192178e-02
-2.190184508823941542e-02 -7.659221460546819515e-02
-3.634273759622044797e-02 -6.721628144323558984e-02
-4.851523284173776818e-02 -5.494848024966714206e-02
-5.786612677091395457e-02 -4.078622634419592358e-02
-6.406135469391308068e-02 -2.580914695416376345e-02
-6.689461548765895937e-02 -1.123638916910011352e-02
-6.652844251298022094e-02 1.832405242979875211e-03
-6.523385511718973739e-02 1.249866534224354682e-02
-6.948666106532616626e-02 2.054993181205795952e-02
-7.111044260534882255e-02 2.745757682660413326e-02
-4.713523895332225738e-02 3.612359150477222752e-02
-2.398436073871306612e-02 4.231334906130653634e-02
-1.558112617046289276e-02 4.586857135533719404e-02
-8.856466423034890442e-03 4.904727719803528979e-02
-2.791734686508720890e-04 5.182264425135698488e-02
9.555154602965028332e-03 5.329784698506915414e-02
2.010174498783614053e-02 5.268528869463361824e-02
3.066965730559682510e-02 4.946991246318883234e-02
4.053381386316104451e-02 4.327424984629446580e-02
4.893189984510434160e-02 3.430596625409312178e-02
5.523866230763718049e-02 2.287640568749790479e-02
5.895750388234703709e-02 9.616345865550247896e-03
5.965918584602442065e-02 -4.892958876377641667e-03
5.717480251931642693e-02 -1.963005896518138504e-02
5.144121174286493681e-02 -3.359922089993813699e-02
4.299897247902573216e-02 -4.570075044084937615e-02
3.229231190215040709e-02 -5.512943747509094217e-02
1.993694519617962568e-02 -6.129622573594147722e-02
6.706652193686254114e-03 -6.364496862178480041e-02
-6.641791110692791926e-03 -6.231007256979191611e-02
-1.930909265819729173e-02 -5.755348531700307801e-02
-3.077246787811922790e-02 -4.988313447482457114e-02
-4.045036554687341662e-02 -3.995912691217831658e-02
-4.790080062575108322e-02 -2.857478492531910150e-02
-5.285920700434129649e-02 -1.666920983320803809e-02
-5.527270799249749123e-02 -5.061718160634370162e-03
-5.515347626108356438e-02 5.374066803977279108e-03
-5.275096150296568892e-02 1.399622356062729320e-02
-4.858062766894572643e-02 2.111554665006005332e-02
-4.325352362155052838e-02 2.699920041241600510e-02
-3.726137522909903771e-02 3.244797792002947212e-02
-3.091375331243017416e-02 3.740616509170383713e-02
-2.536440177789386907e-02 4.150903047027951903e-02
-1.963805084225330594e-02 4.586001437389121416e-02
-1.236054564013701340e-02 5.136739369340680844e-02
-2.446834854784809936e-03 5.689358352510864858e-02
9.703274492594204589e-03 6.089873316873618131e-02
2.327534938741398704e-02 6.226066416871788717e-02
3.734266134786094066e-02 6.018286351048659361e-02
5.086908235083623803e-02 5.423366636918210137e-02
6.284972118795009721e-02 4.429230171433753277e-02
7.236577504502758607e-02 3.065346569744290331e-02
7.863128819790043966e-02 1.401345523900728030e-02
8.105441278056498000e-02 -4.660320558880490412e-03
7.926054113781866306e-02 -2.422391954959443941e-02
7.314363228089414137e-02 -4.334712731069128439e-02
6.302991433944160615e-02 -6.055426121685242302e-02
4.959433091986495401e-02 -7.452330780199011018e-02
3.371468397478347145e-02 -8.424952297806477530e-02
1.636651174792287666e-02 -8.913767991999760332e-02
-1.449268787162773849e-03 -8.903276681414831750e-02
-1.868187153644661549e-02 -8.419292696387753461e-02
-3.445539126717965528e-02 -7.521762371948795267e-02
-4.800303844649243118e-02 -6.293890661667776720e-02
-5.867906144265885166e-02 -4.837407078740366823e-02
-6.605936448458389620e-02 -3.265237651446783324e-02
-6.987988778430578862e-02 -1.702961207375630961e-02
-7.034297683696139059e-02 -2.677716256403381723e-03
-7.211186148910969651e-02 1.057000617755131378e-02
-8.775964567339003541e-02 1.832109492305659948e-02
-8.519111021216810298e-02 2.795598444403818786e-02
-4.009014142875828857e-02 3.963197146626740858e-02
-1.764114776064652085e-02 4.384495554842558068e-02
-1.172608110441852002e-02 4.554919188923885198e-02
-5.878757668045958909e-03 4.677074919271667630e-02
1.207189369370798493e-03 4.754133747318139286e-02
9.077835282945851889e-03 4.724651675113402532e-02
1.727689451683987742e-02 4.532126510348113979e-02
2.525229729010320182e-02 4.144492415582676920e-02
3.246667585473955037e-02 3.549543542445086214e-02
3.840271009989531387e-02 2.760912706606941450e-02
4.261924248329721637e-02 1.812088668623265328e-02
4.475887049640821236e-02 7.474368353170821044e-03
4.455465699876628299e-02 -3.814715446033618666e-03
4.191910786062499200e-02 -1.499430040090071053e-02
3.694144073251314636e-02 -2.530330465398174591e-02
2.999853389017814384e-02 -3.402352876484211752e-02
2.142622142378163008e-02 -4.060845066794648711e-02
1.171458324333894685e-02 -4.459152638492415444e-02
1.447061768558793784e-03 -4.567178888932248160e-02
-8.724719564627969950e-03 -4.393455206436695099e-02
-1.828066705465175926e-02 -3.969561304612978514e-02
-2.684671063209494168e-02 -3.335711155346682277e-02
-3.399875809753200723e-02 -2.537463940452026542e-02
-3.940234232227640687e-02 -1.645292441670621539e-02
-4.289812756136476141e-02 -7.269652907953757896e-03
-4.449064170437957294e-02 1.616534838810928035e-03
-4.425259805328962681e-02 9.702183316008512401e-03
-4.242280842207906549e-02 1.681442189853375735e-02
-3.935436808001909620e-02 2.299028972670749682e-02
-3.541489533011619312e-02 2.849658701864550905e-02
-3.089539095261990137e-02 3.370854454070138645e-02
-2.597266542850458840e-02 3.863395907415236030e-02
-2.084364478803048953e-02 4.309969862349347786e-02
-1.653518846700394868e-02 4.577631988215288134e-02
-1.000067477264145362e-02 4.924556218884841574e-02
-1.235871618967566152e-03 5.260406595771951327e-02
8.934988285668776439e-03 5.461157532858400970e-02
1.998958113879003434e-02 5.448191480164697037e-02
3.118665203737658320e-02 5.162313156329884078e-02
4.174070546475767279e-02 4.572229369622343720e-02
5.086780756702901501e-02 3.672143620945061276e-02
5.786195019873940221e-02 2.499600669987883661e-02
6.217148461661588243e-02 1.120863384675812625e-02
6.335283352713394489e-02 -3.957031803540516854e-03
6.116511219579953695e-02 -1.958444004347117615e-02
5.552299087650212212e-02 -3.453804842854191898e-02
4.692272474397431864e-02 -4.763930941478750763e-02
3.585453890876256350e-02 -5.800340911423480794e-02
2.297850370452906091e-02 -6.494822002839945041e-02
9.081474855229523455e-03 -6.793934180898479613e-02
-5.041548783728615722e-03 -6.699764304965831474e-02
-1.854734809489223465e-02 -6.240488744661076143e-02
-3.084285777535239123e-02 -5.464802007882529900e-02
-4.129024139169579916e-02 -4.441520735354583665e-02
-4.942718570068541095e-02 -3.253761384670975781e-02
-5.493902083051379476e-02 -1.993426350300269573e-02
-5.774114255122773931e-02 -7.593739240631293061e-03
-5.789568855209539094e-02 3.608108432356483142e-03
-5.546654326282082770e-02 1.275571953809283982e-02
-5.126601558879699538e-02 2.023203463129462018e-02
-4.581497142876276435e-02 2.634699052118676457e-02
-3.946849259436192164e-02 3.196906497951119280e-02
-3.232410937610500495e-02 3.697128744728826050e-02
-2.587013110152212511e-02 4.129272557484008066e-02
-1.981343273486299919e-02 4.586090733894477439e-02
-1.248045600951952494e-02 5.150628023557733692e-02
-2.520928693329733874e-03 5.725690958669085728e-02
9.812454359295156095e-03 6.143009466165907928e-02
2.360755698922209142e-02 6.292340834443083120e-02
3.792865819556226481e-02 6.092182572578585392e-02
5.172225544360607025e-02 5.496668871146508095e-02
6.396013316358659107e-02 4.493920097678084230e-02
7.370300027600569515e-02 3.113009456843420994e-02
8.014641511623481207e-02 1.423901807235631624e-02
8.266977666982877615e-02 -4.775111906450436698e-03
8.091501944989826223e-02 -2.467455675859575939e-02
7.475835428596981636e-02 -4.416182755263682591e-02
6.452066777516642093e-02 -6.173014374694778261e-02
5.087906334855956531e-02 -7.602409039634759613e-02
3.473215785527359462e-02 -8.601083933198856724e-02
1.706952380505690967e-02 -9.108441097264607933e-02
-1.082474085218200271e-03 -9.106987824476843463e-02
-1.867505090799415415e-02 -8.622071721101393083e-02
-3.476691730553203158e-02 -7.714224500786757976e-02
-4.860240987227584797e-02 -6.468290318191032007e-02
-5.951622991961215414e-02 -4.987499267990355006e-02
-6.706812055624643276e-02 -3.387415420165114377e-02
-7.098279798195560042e-02 -1.795522572382945298e-02
-7.159646350790906111e-02 -3.189251441970345456e-03
-7.575767861420683313e-02 1.126851390142368479e-02
-9.656691873116549085e-02 1.813175293779975203e-02
-8.426098639650944633e-02 2.948636785664007082e-02
-3.402567516603303283e-02 4.143340696910542686e-02
-1.541309067549050116e-02 4.431312544350776705e-02
-1.024155165677757655e-02 4.534841790735584521e-02
-4.700059131192354210e-03 4.591955323532075778e-02
1.881014156720452017e-03 4.591266669470953077e-02
9.049363863601448538e-03 4.496331597658542734e-02
1.640858950804885072e-02 4.259549144690257666e-02
2.348448346740810572e-02 3.853333147205359466e-02
2.980105570214426625e-02 3.269481493481136286e-02
3.490735928827949641e-02 2.522034248310738025e-02
3.842493746998094928e-02 1.641743944491871887e-02
4.004670851716193858e-02 6.688543378751564752e-03
3.957471506857609955e-02 -3.466125481601712958e-03
3.692600095892577261e-02 -1.342724298212833248e-02
3.226187760874130173e-02 -2.250207197987629665e-02
2.582114114398014262e-02 -3.014308977131430548e-02
1.796931444198782840e-02 -3.581240502350271221e-02
9.157624897601204794e-03 -3.912434463914687965e-02
-1.089508389776850462e-04 -3.984505611663480967e-02
-9.250121809795905717e-03 -3.805839856730664633e-02
-1.782282000094289123e-02 -3.404407644200124067e-02
-2.546690164455775798e-02 -2.816965449323816442e-02
-3.182883396752099470e-02 -2.085202519601307009e-02
-3.659883828637117836e-02 -1.273285948324253021e-02
-3.964617745883186606e-02 -4.410194724302609302e-03
-4.100652383829965497e-02 3.683795400518107520e-03
-4.074110270871081352e-02 1.111777323762362310e-02
-3.906708799673030974e-02 1.769994459959192343e-02
-3.628865759348547104e-02 2.355234605596417952e-02
-3.281077077394187885e-02 2.911443022467925454e-02
-2.872123424343465264e-02 3.430828583364662482e-02
-2.403846746275951560e-02 3.957387140339289205e-02
-1.947200335366328430e-02 4.348409019826141031e-02
-1.510287908318823716e-02 4.587915752869457797e-02
-8.690259551060699333e-03 4.844279086328555362e-02
-4.313731942409453003e-04 5.106669286256029089e-02
9.036912598489186405e-03 5.221374048001301699e-02
1.910680817493449341e-02 5.146816574007816864e-02
2.921511759354388990e-02 4.825041320699201969e-02
3.863250885042564947e-02 4.223975611052403073e-02
4.664911758712866202e-02 3.355208984937575051e-02
5.265062620956809103e-02 2.252913161227412808e-02
5.618826938263807302e-02 9.825962417063432985e-03
5.681645545177505668e-02 -4.125424730844490760e-03
5.442865799810236299e-02 -1.820789338638370558e-02
4.895385001274192571e-02 -3.153516767150012223e-02
4.089375908616916383e-02 -4.308203103152600383e-02
3.067393698540436114e-02 -5.205541354662254760e-02
1.887146008747625850e-02 -5.793939810907203919e-02
6.232520486578513666e-03 -6.017752540358770746e-02
-6.545573620243809281e-03 -5.890731183496378948e-02
-1.870230908178747639e-02 -5.435551434348715599e-02
-2.963650341295238910e-02 -4.701896763220055064e-02
-3.893307283239225841e-02 -3.751715786987219053e-02
-4.608088950135558193e-02 -2.661582216486676339e-02
-5.085928254112347113e-02 -1.519381932751475046e-02
-5.320630694127073679e-02 -4.092496664575780846e-03
-5.314742768298289649e-02 5.914474625507500256e-03
-5.091901176032041093e-02 1.447780780055749929e-02
-4.703858951461743071e-02 2.132754176706985055e-02
-4.198800876486130651e-02 2.708721359117938210e-02
-3.632158853087316674e-02 3.245545203960023550e-02
-3.036709671337323516e-02 3.740081269725904767e-02
-2.498610627449462940e-02 4.150165797631356901e-02
-1.957277609119488851e-02 4.556726985215790032e-02
-1.249572642822458120e-02 5.073716520934134361e-02
-2.931191933289955392e-03 5.599164713937886118e-02
8.811834025297310413e-03 5.982490187977774349e-02
2.195334212722960254e-02 6.114224364842551357e-02
3.559650899986602224e-02 5.916170404510192465e-02
4.874366645760466049e-02 5.345039914052983343e-02
6.041902124731117485e-02 4.388008749375224560e-02
6.973064400619562175e-02 3.072558419536398563e-02
7.591553965761596579e-02 1.465395902141640450e-02
7.838863573344601043e-02 -3.418607518163275464e-03
7.678759634913565058e-02 -2.237716294444956622e-02
7.100115340895626903e-02 -4.094394311394580765e-02
6.133118775224354058e-02 -5.769331056927985701e-02
4.842293247141924578e-02 -7.134693198626301802e-02
3.310904708014125730e-02 -8.092648695951792925e-02
1.633713395242236688e-02 -8.582760020603928675e-02
-9.245078869544016108e-04 -8.589425484166952895e-02
-1.767161181993931462e-02 -8.135849142247995880e-02
-3.303624053938515603e-02 -7.278666158741065040e-02
-4.627222704972837330e-02 -6.098394440108115266e-02
-5.675291710207277379e-02 -4.692530213659534821e-02
-6.405865328480921106e-02 -3.170323852021674632e-02
-6.794126141065952307e-02 -1.653137714019577847e-02
-6.845386682757675922e-02 -2.583392593745748207e-03
-6.791840778059290984e-02 9.584455804688023217e-03
-7.491264561007947298e-02 1.851053243358487255e-02
-8.126619035123115731e-02 2.572757224543529078e-02
-5.088680935396466126e-02 3.608563328606134019e-02
-2.308739743861255508e-02 4.288897950338781129e-02
-1.494432114173345136e-02 4.529558418768295930e-02
-8.582825799388300869e-03 4.751135307922876166e-02
-9.532315787470698213e-04 4.972575348948487378e-02
7.932788313361180399e-03 5.062282456610856657e-02
1.742635138111200271e-02 4.968317813372721825e-02
2.686293136682860530e-02 4.648697969572348349e-02
3.564508861097685777e-02 4.075831552844023237e-02
4.313370256214730386e-02 3.258243199340591506e-02
4.877124215288733411e-02 2.230427056272330996e-02
5.210682292009143762e-02 1.039941864615902094e-02
5.276870105855609866e-02 -2.553164603643737554e-03
5.059867385501004566e-02 -1.570783447703580013e-02
4.560088972130844909e-02 -2.813371334503534521e-02
3.818675004349417895e-02 -3.896032203981578818e-02
2.870087033173654087e-02 -4.746395029926223780e-02
1.770434597972123103e-02 -5.306577581280168959e-02
5.876453437493060240e-03 -5.528837111105681240e-02
-6.056427378602928166e-03 -5.417678708345021604e-02
-1.739697221903601515e-02 -4.999441235327527905e-02
-2.770163841961167245e-02 -4.322783346621461575e-02
-3.643147262649505669e-02 -3.441549710913725801e-02
-4.321508244125227965e-02 -2.427323594624740052e-02
-4.779585438497854777e-02 -1.362740139177333505e-02
-5.013028903937104958e-02 -3.225771635114030485e-03
-5.024476116316528573e-02 6.257980670872289805e-03
-4.837444014260364883e-02 1.437232091636072434e-02
-4.491048484856524636e-02 2.116716061999003931e-02
-4.036695222765666197e-02 2.698700529695016032e-02
-3.520401448789722831e-02 3.225879111382790737e-02
-2.964306508704536366e-02 3.723558948184601397e-02
-2.421007691480302898e-02 4.168414563588355298e-02
-1.938883872876983813e-02 4.505463797416876109e-02
-1.274493539096386609e-02 4.965631521022918771e-02
-3.715598265010281159e-03 5.445086391314815644e-02
7.335735218380173665e-03 5.798162182158502626e-02
1.973578804900162284e-02 5.919661985067926901e-02
3.263633826312705571e-02 5.734693470725361203e-02
4.510559757534416542e-02 5.201269625751583914e-02
5.621616871916909619e-02 4.304796765834324052e-02
6.512866659717152229e-02 3.069774640456704104e-02
7.112356959446204663e-02 1.559687575270122042e-02
7.363841799182406500e-02 -1.419315608404324953e-03
7.232532510685020510e-02 -1.932471964072095608e-02
6.705397906116146445e-02 -3.690518569835565810e-02
5.810820802668580781e-02 -5.282422805167536622e-02
4.608611308659855271e-02 -6.587022751825573341e-02
3.173624642915685162e-02 -7.512732480596659435e-02
1.597055441445345905e-02 -7.995759931992565961e-02
-3.102809828960870209e-04 -8.023701025180657309e-02
-1.616520832040908157e-02 -7.615204369270198170e-02
-3.077428264636478811e-02 -6.822601663934474425e-02
-4.341277895400903059e-02 -5.720652299823497655e-02
-5.349346243988484934e-02 -4.400956983267859807e-02
-6.060349315425198752e-02 -2.965757516247697831e-02
-6.454174205738955061e-02 -1.527613199230120483e-02
-6.524997196872658889e-02 -2.012722605357504784e-03
-6.326718386188082133e-02 9.019990962285749647e-03
-6.214982715823098164e-02 1.831810376843394719e-02
-6.394176625045411289e-02 2.506593759122160286e-02
-5.620567148358490694e-02 3.181837422514460778e-02
-3.431802640588114267e-02 3.871589196759809420e-02
-2.044517650365299671e-02 4.372657121157166177e-02
-1.405107338260260658e-02 4.759310193252610371e-02
-6.039830903108945638e-03 5.174727709708692308e-02
3.787768036348085083e-03 5.493704076470163483e-02
1.496326039899338427e-02 5.628805273684827498e-02
2.672863259731609806e-02 5.502156412174310368e-02
3.827142767830370856e-02 5.066965666864547968e-02
4.874864570671841313e-02 4.302658154866136758e-02
5.736857942565442431e-02 3.225818618551509753e-02
6.345564931535745135e-02 1.888018031439451030e-02
6.649283361240063139e-02 3.671502692169002768e-03
6.607096204110239623e-02 -1.262444831380774533e-02
6.207405339989708476e-02 -2.883294193779683059e-02
5.460486587888979670e-02 -4.378557061898923075e-02
4.424666075400521259e-02 -5.631746270923557174e-02
3.156943497749203215e-02 -6.560349199480612625e-02
1.742549894486113832e-02 -7.091693515632212230e-02
2.631952444713908396e-03 -7.208094528215594488e-02
-1.195949484801743165e-02 -6.918210046623815557e-02
-2.563531792566477174e-02 -6.269079016522660641e-02
-3.765480707501383389e-02 -5.319876818833239179e-02
-4.747914056755253576e-02 -4.151047716684063554e-02
-5.468029202267806616e-02 -2.854773673779294196e-02
-5.905310474463520976e-02 -1.532035126490876795e-02
-6.054909353591229199e-02 -2.853454708692667978e-03
-5.921205328660020251e-02 7.819780653723757552e-03
-5.568611177700297232e-02 1.627661184958600557e-02
-5.111484973318513453e-02 2.329197256523663981e-02
-4.582837225935556397e-02 2.927748831748661421e-02
-3.814464797096808052e-02 3.505725638773687924e-02
-2.857196875462063648e-02 3.979655590640518437e-02
-2.172790818625699311e-02 4.404887466513625338e-02
-1.518059734256291780e-02 4.932022458223831590e-02
-6.173086328696392525e-03 5.518249370535173448e-02
5.356391673002186375e-03 5.992389456965559885e-02
1.859700450759782867e-02 6.232034815460586741e-02
3.266330339902058510e-02 6.149249810838333663e-02
4.654068951731635262e-02 5.686613361154525814e-02
5.918809718875726877e-02 4.823922877201212989e-02
6.965845678872180369e-02 3.573761376832576553e-02
7.711061237646131550e-02 1.994807903348935069e-02
8.088018634995958189e-02 1.771984784076079339e-03
8.051888504753314246e-02 -1.769881397250497312e-02
7.582133706874469303e-02 -3.719390284700926225e-02
6.693671741478614268e-02 -5.526895993311106009e-02
5.447726090066611765e-02 -7.049238608151058016e-02
3.925199865457780490e-02 -8.175398031985832425e-02
2.222978386940222678e-02 -8.829977719085232990e-02
4.410259616027941906e-03 -8.983162070471785443e-02
-1.318235960284243682e-02 -8.647878789883273187e-02
-2.955867040249920974e-02 -7.874198301263909960e-02
-4.395510503849060086e-02 -6.740020205157377930e-02
-5.566126244062434558e-02 -5.340682268540590527e-02
-6.416972742571745714e-02 -3.787458585589869448e-02
-6.918135550558121571e-02 -2.200853709952720755e-02
-7.060388000648511186e-02 -7.047385800916460517e-03
-7.080341151056152027e-02 6.568583537329442459e-03
-8.123325754325576298e-02 1.640011754750712869e-02
-9.370085685717126356e-02 2.408550000245855693e-02
-5.419132827769572447e-02 3.618304043173187906e-02
-2.115111339623056835e-02 4.337624675598732854e-02
-1.326226724875313213e-02 4.508155247185140907e-02
-7.802800996018032301e-03 4.624928235965519024e-02
-1.190322398256954276e-03 4.730649353109688676e-02
6.425400616576678117e-03 4.737269038856282283e-02
1.451751774717251545e-02 4.597901184885672121e-02
2.255980534858721340e-02 4.274977737940386519e-02
3.001644299478465477e-02 3.747915158603041391e-02
3.636234786458705792e-02 3.022887413254876643e-02
4.112673789165945115e-02 2.124672390141937178e-02
4.394726071928330841e-02 1.100918368493259379e-02
4.450559758617084888e-02 -6.155735319462871591e-05
4.267494701038751503e-02 -1.127061976748369027e-02
